[fashion.jpg]
filters=finetune2=1,0.000000,0.000000,0.061754,00000000,0.000000;
moddate=0522ccd7d53dd101
width=1366
height=768
textactive=0
